                   0          0          0          0          0          0          0          0          0          0          0 
         0  0.0221497  0.0442995  0.0668017  0.0907137   0.118292   0.154059   0.207612   0.301903        0.5          1 
         0  0.0442995  0.0882466   0.132194   0.177761   0.228398   0.290331   0.374485   0.499999   0.698097          1 
         0  0.0668017   0.132194   0.195966   0.259739   0.327206   0.404383   0.499998   0.625513   0.792387          1 
         0  0.0907137   0.177761   0.259739   0.338022   0.416306   0.499998   0.595613   0.709666    0.84594          1 
         0   0.118292   0.228398   0.327206   0.416306   0.499998    0.58369    0.67279     0.7716   0.881706          1 
         0   0.154059   0.290331   0.404383   0.499998    0.58369   0.661974   0.740258   0.822236   0.909285          1 
         0   0.207612   0.374485   0.499998   0.595613    0.67279   0.740258   0.804031   0.867804   0.933197          1 
         0   0.301903   0.499999   0.625513   0.709666     0.7716   0.822236   0.867804   0.911752     0.9557          1 
         0        0.5   0.698097   0.792387    0.84594   0.881706   0.909285   0.933197     0.9557    0.97785          1 
         1          1          1          1          1          1          1          1          1          1          1 
