         0          0          0          0          0          0          0          0          0          0          0 
         0  0.0190834  0.0384196  0.0586016  0.0809047   0.107767   0.143831   0.198734   0.295344   0.496514          1 
         0  0.0384196  0.0769777   0.116492   0.158999   0.208289   0.270816   0.357563   0.487508   0.691461          1 
         0  0.0586016   0.116492   0.174117   0.233676   0.299326   0.377377    0.47662   0.608279   0.783239          1 
         0  0.0809047   0.158999   0.233676   0.307001     0.3832   0.468005   0.567977   0.689328   0.835156          1 
         0   0.107767   0.208289   0.299326     0.3832    0.46476   0.549727   0.643522   0.750101    0.87032          1 
         0   0.143831   0.270816   0.377377   0.468005   0.549727   0.629326   0.712189   0.801658   0.898399          1 
         0   0.198734   0.357563    0.47662   0.567977   0.643522   0.712189   0.779951    0.85018   0.923885          1 
         0   0.295344   0.487508   0.608279   0.689328   0.750101   0.801658    0.85018    0.89887   0.948899          1 
         0   0.496514   0.691461   0.783239   0.835156    0.87032   0.898399   0.923885   0.948899   0.974262          1 
         1          1          1          1          1          1          1          1          1          1          1 
