                   0          0          0          0          0          0          0          0          0          0          0 
         0    0.02215  0.0442999  0.0668024  0.0907145   0.118293   0.154059   0.207612   0.301903        0.5          1 
         0  0.0442999  0.0882475   0.132195   0.177762   0.228399   0.290332   0.374486        0.5   0.698097          1 
         0  0.0668024   0.132195   0.195968   0.259741   0.327208   0.404385        0.5   0.625514   0.792388          1 
         0  0.0907145   0.177762   0.259741   0.338024   0.416308        0.5   0.595615   0.709667    0.84594          1 
         0   0.118293   0.228399   0.327208   0.416308        0.5   0.583692   0.672792   0.771601   0.881707          1 
         0   0.154059   0.290332   0.404385        0.5   0.583692   0.661975   0.740259   0.822238   0.909285          1 
         0   0.207612   0.374486        0.5   0.595615   0.672792   0.740259   0.804032   0.867805   0.933198          1 
         0   0.301903        0.5   0.625514   0.709667   0.771601   0.822238   0.867805   0.911752     0.9557          1 
         0        0.5   0.698097   0.792388    0.84594   0.881707   0.909285   0.933198     0.9557    0.97785          1 
         1          1          1          1          1          1          1          1          1          1          1 
