         0          0          0          0          0          0          0          0          0          0          0 
         0  0.0157073  0.0314108  0.0471065  0.0627905  0.0784591  0.0941083   0.109734   0.125333   0.140901   0.156434 
         0  0.0314108  0.0627905  0.0941083   0.125333   0.156434   0.187381   0.218143    0.24869   0.278991   0.309017 
         0  0.0471065  0.0941083   0.140901   0.187381   0.233445   0.278991   0.323917   0.368125   0.411514    0.45399 
         0  0.0627905   0.125333   0.187381    0.24869   0.309017   0.368125   0.425779   0.481754   0.535827   0.587785 
         0  0.0784591   0.156434   0.233445   0.309017   0.382683    0.45399   0.522499   0.587785   0.649448   0.707107 
         0  0.0941083   0.187381   0.278991   0.368125    0.45399   0.535827   0.612907   0.684547   0.750111   0.809017 
         0   0.109734   0.218143   0.323917   0.425779   0.522499   0.612907   0.695913   0.770513   0.835807   0.891007 
         0   0.125333    0.24869   0.368125   0.481754   0.587785   0.684547   0.770513   0.844328   0.904827   0.951057 
         0   0.140901   0.278991   0.411514   0.535827   0.649448   0.750111   0.835807   0.904827   0.955793   0.987688 
         0   0.156434   0.309017    0.45399   0.587785   0.707107   0.809017   0.891007   0.951057   0.987688          1 
