                   0          0          0          0          0          0          0          0          0          0          0 
         0  0.0221498  0.0442997   0.066802   0.090714   0.118293   0.154059   0.207612   0.301903        0.5          1 
         0  0.0442997  0.0882469   0.132194   0.177761   0.228398   0.290332   0.374485        0.5   0.698097          1 
         0   0.066802   0.132194   0.195967    0.25974   0.327207   0.404384   0.499999   0.625513   0.792387          1 
         0   0.090714   0.177761    0.25974   0.338023   0.416307   0.499999   0.595614   0.709667    0.84594          1 
         0   0.118293   0.228398   0.327207   0.416307   0.499999   0.583691   0.672791     0.7716   0.881706          1 
         0   0.154059   0.290332   0.404384   0.499999   0.583691   0.661974   0.740258   0.822237   0.909285          1 
         0   0.207612   0.374485   0.499999   0.595614   0.672791   0.740258   0.804031   0.867804   0.933197          1 
         0   0.301903        0.5   0.625513   0.709667     0.7716   0.822237   0.867804   0.911752     0.9557          1 
         0        0.5   0.698097   0.792387    0.84594   0.881706   0.909285   0.933197     0.9557    0.97785          1 
         1          1          1          1          1          1          1          1          1          1          1 
