                   0          0          0          0          0          0          0          0          0          0          0 
         0  0.0216296    0.04331  0.0654394  0.0891112   0.116606   0.152454   0.206245   0.300909   0.499477          1 
         0    0.04331  0.0863644   0.129602   0.174712    0.22519   0.287277   0.371885   0.498109   0.697103          1 
         0  0.0654394   0.129602   0.192398   0.255541   0.322789   0.400178   0.496419    0.62291   0.791018          1 
         0  0.0891112   0.174712   0.255541   0.333084   0.411109   0.495051   0.591401   0.706604    0.84433          1 
         0   0.116606    0.22519   0.322789   0.411109   0.494528   0.578483   0.668358   0.768377   0.880011          1 
         0   0.152454   0.287277   0.400178   0.495051   0.578483   0.657018   0.736039   0.819169   0.907672          1 
         0   0.206245   0.371885   0.496419   0.591401   0.668358   0.736039   0.800439   0.865193   0.931824          1 
         0   0.300909   0.498109    0.62291   0.706604   0.768377   0.819169   0.865193   0.909853   0.954701          1 
         0   0.499477   0.697103   0.791018    0.84433   0.880011   0.907672   0.931824   0.954701   0.977325          1 
         1          1          1          1          1          1          1          1          1          1          1 
