                   0          0          0          0          0          0          0          0          0          0          0 
         0  0.0220671  0.0441427  0.0665863   0.090461   0.118027   0.153807   0.207398   0.301747   0.499918          1 
         0  0.0441427   0.087949   0.131785   0.177281   0.227894   0.289853   0.374079   0.499704   0.697942          1 
         0  0.0665863   0.131785   0.195404   0.259079   0.326514   0.403726    0.49944   0.625107   0.792174          1 
         0   0.090461   0.177281   0.259079   0.337248   0.415493   0.499226   0.594957    0.70919    0.84569          1 
         0   0.118027   0.227894   0.326514   0.415493   0.499144   0.582879   0.672101     0.7711   0.881443          1 
         0   0.153807   0.289853   0.403726   0.499226   0.582879   0.661203   0.739603   0.821761   0.909035          1 
         0   0.207398   0.374079    0.49944   0.594957   0.672101   0.739603   0.803474     0.8674   0.932985          1 
         0   0.301747   0.499704   0.625107    0.70919     0.7711   0.821761     0.8674   0.911459   0.955546          1 
         0   0.499918   0.697942   0.792174    0.84569   0.881443   0.909035   0.932985   0.955546   0.977769          1 
         1          1          1          1          1          1          1          1          1          1          1 
