                   0          0          0          0          0          0          0          0          0          0          0 
         0  0.0221354  0.0442724  0.0667648  0.0906706   0.118247   0.154016   0.207576   0.301877   0.499986          1 
         0  0.0442724  0.0881956   0.132124   0.177679   0.228313   0.290251   0.374417    0.49995   0.698071          1 
         0  0.0667648   0.132124   0.195871   0.259627    0.32709   0.404273   0.499905   0.625446   0.792352          1 
         0  0.0906706   0.177679   0.259627   0.337892    0.41617   0.499869   0.595504   0.709588   0.845899          1 
         0   0.118247   0.228313    0.32709    0.41617   0.499855   0.583555   0.672676   0.771517   0.881663          1 
         0   0.154016   0.290251   0.404273   0.499869   0.583555   0.661846    0.74015   0.822159   0.909244          1 
         0   0.207576   0.374417   0.499905   0.595504   0.672676    0.74015    0.80394   0.867738   0.933163          1 
         0   0.301877    0.49995   0.625446   0.709588   0.771517   0.822159   0.867738   0.911704   0.955675          1 
         0   0.499986   0.698071   0.792352   0.845899   0.881663   0.909244   0.933163   0.955675   0.977837          1 
         1          1          1          1          1          1          1          1          1          1          1 
