                   0          0          0          0          0          0          0          0          0          0          0 
         0  0.0221462  0.0442928  0.0667927  0.0907033   0.118282   0.154049   0.207603   0.301897   0.499997          1 
         0  0.0442928  0.0882342   0.132177   0.177741   0.228377   0.290312   0.374469   0.499988   0.698091          1 
         0  0.0667927   0.132177   0.195943   0.259712   0.327179   0.404358   0.499977   0.625497   0.792379          1 
         0  0.0907033   0.177741   0.259712   0.337992   0.416274   0.499968   0.595588   0.709649   0.845931          1 
         0   0.118282   0.228377   0.327179   0.416274   0.499965   0.583659   0.672764   0.771581   0.881697          1 
         0   0.154049   0.290312   0.404358   0.499968   0.583659   0.661945   0.740233   0.822219   0.909276          1 
         0   0.207603   0.374469   0.499977   0.595588   0.672764   0.740233   0.804011    0.86779    0.93319          1 
         0   0.301897   0.499988   0.625497   0.709649   0.771581   0.822219    0.86779   0.911742   0.955694          1 
         0   0.499997   0.698091   0.792379   0.845931   0.881697   0.909276    0.93319   0.955694   0.977847          1 
         1          1          1          1          1          1          1          1          1          1          1 
