                   0          0          0          0          0          0          0          0          0          0          0 
         0  0.0221481  0.0442965  0.0667977  0.0907091   0.118288   0.154054   0.207608     0.3019   0.499998          1 
         0  0.0442965  0.0882411   0.132186   0.177752   0.228389   0.290323   0.374478   0.499994   0.698094          1 
         0  0.0667977   0.132186   0.195956   0.259727   0.327194   0.404372   0.499989   0.625506   0.792384          1 
         0  0.0907091   0.177752   0.259727   0.338009   0.416292   0.499985   0.595602   0.709659   0.845936          1 
         0   0.118288   0.228389   0.327194   0.416292   0.499984   0.583677   0.672779   0.771592   0.881702          1 
         0   0.154054   0.290323   0.404372   0.499985   0.583677   0.661961   0.740247   0.822229   0.909281          1 
         0   0.207608   0.374478   0.499989   0.595602   0.672779   0.740247   0.804022   0.867798   0.933194          1 
         0     0.3019   0.499994   0.625506   0.709659   0.771592   0.822229   0.867798   0.911748   0.955697          1 
         0   0.499998   0.698094   0.792384   0.845936   0.881702   0.909281   0.933194   0.955697   0.977849          1 
         1          1          1          1          1          1          1          1          1          1          1 
