                   0          0          0          0          0          0          0          0          0          0          0 
         0  0.0221493  0.0442986  0.0668006  0.0907125   0.118291   0.154058   0.207611   0.301902   0.499999          1 
         0  0.0442986  0.0882451   0.132192   0.177759   0.228395   0.290329   0.374483   0.499998   0.698096          1 
         0  0.0668006   0.132192   0.195963   0.259736   0.327203    0.40438   0.499996   0.625511   0.792386          1 
         0  0.0907125   0.177759   0.259736   0.338019   0.416302   0.499994    0.59561   0.709664   0.845939          1 
         0   0.118291   0.228395   0.327203   0.416302   0.499994   0.583686   0.672787   0.771598   0.881705          1 
         0   0.154058   0.290329    0.40438   0.499994   0.583686    0.66197   0.740255   0.822235   0.909284          1 
         0   0.207611   0.374483   0.499996    0.59561   0.672787   0.740255   0.804028   0.867802   0.933196          1 
         0   0.301902   0.499998   0.625511   0.709664   0.771598   0.822235   0.867802   0.911751   0.955699          1 
         0   0.499999   0.698096   0.792386   0.845939   0.881705   0.909284   0.933196   0.955699    0.97785          1 
         1          1          1          1          1          1          1          1          1          1          1 
